0  3.814945127567836E-235 2.680680910355817E243 9.8 9.8  6.701702275889542E242
64  3.4395525670743983E-137 3.814945127567836E-235 2.680680910355817E243 9.8  6.701702275889542E242
64  3.439552567074429E-137 3.4395525670743983E-137 3.814945127567836E-235 2.680680910355817E243  6.701702275889542E242
64  3.439552567074429E-137 3.439552567074429E-137 3.4395525670743983E-137 3.814945127567836E-235  2.579664425305814E-137
114  2.827568174360058E275 3.439552567074429E-137 3.439552567074429E-137 3.4395525670743983E-137  7.068920435900144E274
15  5.4900450117487504E16 2.827568174360058E275 3.439552567074429E-137 3.439552567074429E-137  7.068920435900144E274
35  -2.353437368273102E-185 5.4900450117487504E16 2.827568174360058E275 3.439552567074429E-137  7.068920435900144E274
35  -2.3534373682784596E-185 -2.353437368273102E-185 5.4900450117487504E16 2.827568174360058E275  7.068920435900144E274
35  -2.3534373682784596E-185 -2.3534373682784596E-185 -2.353437368273102E-185 5.4900450117487504E16  1.3725112529371876E16
121  6.399521197622018E-153 -2.3534373682784596E-185 -2.3534373682784596E-185 -2.353437368273102E-185  1.5998802994055044E-153
67  6.372292684444082E194 6.399521197622018E-153 -2.3534373682784596E-185 -2.3534373682784596E-185  1.5930731711110206E194
-103  -2.3534373704576207E-185 6.372292684444082E194 6.399521197622018E-153 -2.3534373682784596E-185  1.5930731711110206E194
-103  -2.3534373718292018E-185 -2.3534373704576207E-185 6.372292684444082E194 6.399521197622018E-153  1.5930731711110206E194
-103  -2.3534373718292018E-185 -2.3534373718292018E-185 -2.3534373704576207E-185 6.372292684444082E194  1.5930731711110206E194
32  4.3512121187621606E103 -2.3534373718292018E-185 -2.3534373718292018E-185 -2.3534373704576207E-185  1.0878030296905401E103
104  3.0075544814694807E161 4.3512121187621606E103 -2.3534373718292018E-185 -2.3534373718292018E-185  7.518886203673702E160
-103  -2.3534379296944303E-185 3.0075544814694807E161 4.3512121187621606E103 -2.3534373718292018E-185  7.518886203673702E160
-103  -2.3534382808192205E-185 -2.3534379296944303E-185 3.0075544814694807E161 4.3512121187621606E103  7.518886203673702E160
-103  -2.3534382808192205E-185 -2.3534382808192205E-185 -2.3534379296944303E-185 3.0075544814694807E161  7.518886203673702E160
85  1.0271336087147086E248 -2.3534382808192205E-185 -2.3534382808192205E-185 -2.3534379296944303E-185  2.5678340217867716E247
97  3.0642285681458046E257 1.0271336087147086E248 -2.3534382808192205E-185 -2.3534382808192205E-185  7.660571422932345E256
-103  -2.3535810943177037E-185 3.0642285681458046E257 1.0271336087147086E248 -2.3534382808192205E-185  7.660571422932345E256
-103  -2.353670982263999E-185 -2.3535810943177037E-185 3.0642285681458046E257 1.0271336087147086E248  7.660571422932345E256
-103  -2.353670982263999E-185 -2.353670982263999E-185 -2.3535810943177037E-185 3.0642285681458046E257  7.660571420364511E256
115  7.691319471000078E218 -2.353670982263999E-185 -2.353670982263999E-185 -2.3535810943177037E-185  1.9228298677500195E218
117  4.824061350122409E175 7.691319471000078E218 -2.353670982263999E-185 -2.353670982263999E-185  1.9228298677500195E218
-103  -2.39023123787569E-185 4.824061350122409E175 7.691319471000078E218 -2.353670982263999E-185  1.9228298677500195E218
-103  -2.4132425521273346E-185 -2.39023123787569E-185 4.824061350122409E175 7.691319471000078E218  1.9228298677500195E218
-103  -2.4132425521273346E-185 -2.4132425521273346E-185 -2.39023123787569E-185 4.824061350122409E175  1.2060153375306022E175
109  2.126477908639042E161 -2.4132425521273346E-185 -2.4132425521273346E-185 -2.39023123787569E-185  5.316194771597605E160
100  6.368130786051826E194 2.126477908639042E161 -2.4132425521273346E-185 -2.4132425521273346E-185  1.5920326965129566E194
-103  -1.8897657632804027E-183 6.368130786051826E194 2.126477908639042E161 -2.4132425521273346E-185  1.5920326965129566E194
-103  -3.038581822100548E-182 -1.8897657632804027E-183 6.368130786051826E194 2.126477908639042E161  1.5920326965129566E194
-103  -3.038581822100548E-182 -3.038581822100548E-182 -1.8897657632804027E-183 6.368130786051826E194  1.5920326965129566E194
97  1.166769607179887E223 -3.038581822100548E-182 -3.038581822100548E-182 -1.8897657632804027E-183  2.9169240179497175E222
104  2.597159614825395E161 1.166769607179887E223 -3.038581822100548E-182 -3.038581822100548E-182  2.9169240179497175E222
-102  2.1226247095579183E-308 2.597159614825395E161 1.166769607179887E223 -3.038581822100548E-182  2.9169240179497175E222
-102  9.8 2.1226247095579183E-308 2.597159614825395E161 1.166769607179887E223  2.9169240179497175E222
-102  9.8 9.8 2.1226247095579183E-308 2.597159614825395E161  6.492899037063487E160
110  9.8 9.8 9.8 2.1226247095579183E-308  7.3500000000000005
97  2.680680910355817E243 9.8 9.8 9.8  6.701702275889542E242
0  3.814945127567836E-235 2.680680910355817E243 9.8 9.8  6.701702275889542E242
64  3.4395525670743983E-137 3.814945127567836E-235 2.680680910355817E243 9.8  6.701702275889542E242
64  3.439552567074429E-137 3.4395525670743983E-137 3.814945127567836E-235 2.680680910355817E243  6.701702275889542E242
64  3.439552567074429E-137 3.439552567074429E-137 3.4395525670743983E-137 3.814945127567836E-235  2.579664425305814E-137
114  2.827568174360058E275 3.439552567074429E-137 3.439552567074429E-137 3.4395525670743983E-137  7.068920435900144E274
15  5.4900450117487504E16 2.827568174360058E275 3.439552567074429E-137 3.439552567074429E-137  7.068920435900144E274
35  -2.353437368273102E-185 5.4900450117487504E16 2.827568174360058E275 3.439552567074429E-137  7.068920435900144E274
35  -2.3534373682784596E-185 -2.353437368273102E-185 5.4900450117487504E16 2.827568174360058E275  7.068920435900144E274
35  -2.3534373682784596E-185 -2.3534373682784596E-185 -2.353437368273102E-185 5.4900450117487504E16  1.3725112529371876E16
